    Variable |       Obs        Mean    Std. Dev.       Min        Max
-------------+--------------------------------------------------------
       start |         0
         end |         0
govtgovv~tct |       757     8.96037    10.96029          0         90
govtallv~tct |       757    13.28798    10.66488          0         70
alltgovv~tct |       757     17.6605    18.32546          0        162
-------------+--------------------------------------------------------
alltallv~tct |       757    14.42272    15.21463          0        117
govtgovm~tct |       757    2.772787    5.197288          0         61
govtallm~tct |       757    46.65522    35.80689          0        263
alltgovm~tct |       757    20.93395    21.78638          0        262
alltallm~tct |       757    43.14135     38.2814          0        304
-------------+--------------------------------------------------------
govtgovv~pct |       757    31.35007     28.9902          0        179
govtallv~pct |       757    29.08454    23.40874          0        164
alltgovv~pct |       757    25.85073    23.94864          0        171
alltallv~pct |       757    26.44122    30.08481          0        201
govtgovm~pct |       757    1.252312    2.000929          0         19
-------------+--------------------------------------------------------
govtallm~pct |       757    3.627477    4.536295          0         40
alltgovm~pct |       757    1.140026    2.241137          0         25
alltallm~pct |       757    2.437252    3.555358          0         30
govtgovarr~t |       757    1.354029    4.122323          0         53
govtallarr~t |       757    16.48217     13.7497          0        106
-------------+--------------------------------------------------------
alltgovarr~t |       757    .6155878    2.037718          0         29
alltallarr~t |       757    4.622193    4.725248          0         37
govtgovpro~t |       757    .1334214    .5137326          0          6
govtallpro~t |       757    .0779392    .3680378          0          4
alltgovpro~t |       757    5.451783    12.71708          0        235
-------------+--------------------------------------------------------
alltallpro~t |       757    2.244386     3.92755          0         27
